A = [1 -3 0 -2 ; 1 2 3 -2 ; -3 -3 4 -2];
BcB1 = [2 -1 0 -1 ; 2 -2 1 0 ; 3 -3 1 0 ; 1 3 2 -3]'; % P*B1=Bc4
BcB2 = [2 2 1 ; -3 -2 -1 ; -2 -3 -1]'; % Q*B2=Bc3
% A*B1=B2
% ¿M*Bc4=Bc3?
% A*P^-1*Bc4=Q^-1*Bc3
% Q*A*P^-1*Bc4=Bc3
% M=Q*A*P^-1
M = BcB2 * A * BcB1^-1