% Sesión 4 - Pregunta 2 - UO283319
VB1 = [-1 4 2 1]'; %VB2?
BcB1 = [0 -1 0 2 ; 1 -1 -1 -1 ; 1 0 -1 -2 ; -2 0 1 -2]';
BcB2 = [0 -1 -1 2 ; 0 -2 -1 2 ; -1 1 0 -1 ; 0 -1 0 -1]';
VBc = BcB1*VB1 , VB2 = BcB2\VBc
